nro sujetos:  369  nro sujetos entrenamiento: 236 nro sujetos validacion: 59  nro sujetos test: 74
sujetos de entrenamiento: [211 226  85  89 283 240  28 218 330 279 170 134 127 275  50 339 101 208
 163   5  68 166 237 292 129 210 265 282 114 188 103   6 262  32  40 198
 320 304 124  81 365  88  64 222  99 256 174 244 269 118 213  55 192 186
 138 104  39 325 358 280 112 171 162 334 227 201 150 276 368 294 161 224
 328 241  35 230 277 266 360 267  77  78  59  53 146  83 254  44 133 314
 200 309  63 132 352 326  20   9 123 258 359 273 349 332  57 113 145 312
 156 214  43 235 356  94 239 110  18 119 323 264 229  51 172  79 203 297
  19  49 189   8 157 180 247 331 298 324 302 179 344  58 223 199 185 108
  47 135  62 196 363 361  52 290  82 333 355 308 287  21  31 318  27 221
 348 315 342 261 278 336   4 128  87  45 194 236 206 195  86  71 337  67
 246  34 111  69  11  22 175 364   2 120 212 251 233  10  84  76   1 316
 232 341 151 147 130 343 238 107 136 321 317   7  33 181 353 327 131 289
 346 100  54  95 274  93 102 367 187 148 215  73 152 299 255  61  90 271
 338  70]
sujetos de validacion: [106 263 209 149 207 216 126 253 176 366 350 139 234 257 293  98  30 220
  80  41 190 345 164  13 122 252 311 144 197  12 125 168 202  60 347  36
  38 231 357 242 340  37 329 182 248 284  42 193 178 141 142 217  65 228
  92 225 173  23 291]
sujetos de test: [169  48 159 177   3  26 259 296  24 249 160 137 286 191 301  66 243  17
 288  29 155 305 319  96 105 322 285 268 109 116 306 351 281  15 335 260
  16 115 272 354 307 369 184  97 245  46  72 140 313 204  14 295 121 117
 362  91  56 167 205 310 143 183 300 219 303 158 270 154  74  75 250 165
 153  25]
~
